2	258	304	417	459	603	864	1116	1182	1264	1595	1615	1657	1695	1719	1823	2007	2022	2427	2442	2461	2481	2567	2751	2851	2868	2907	2913	2957	3309	3610	3633	3832	3861	3981	4058	4094	4219	4225	4229	4464	4509	4631	4858	4922	5160	5218	5221	5235	5257	5265	5275	5476	5591	5602	5619	5650	5769	5832	5846	5912	5945	5996	6058	6131	6137	6157	6166	6598	6662	6693	6701	6718	6740	6753	6761	6907	6908	6981	7023	7139	7140	7253	7338	7473	7529	7570	7688	7721	7959	8274	8361	8367	8373	8374	8405	8613	8635	8772	8801	8941	8942	8971	9073	9103	9105	9106	9107	9111	9112	9118	9119	9120	9146	9337	9410	9500	9767	9794	9846	10111	10256	10557	10706	10749	10801	10822	10849	11111	11181	11237	11260	11300	11378	11401	11452	11480	11518	11519	11567	11573	11592	11595	11601	11608	11620	11624	11631	11650	11660	11662	11676	11680	11694	
151	172	217	218	239	502	531	744	1323	1324	1539	1602	1628	1753	1774	1799	2042	2250	2295	2297	2301	2306	2336	2507	2667	2668	2714	2795	2810	2871	3095	3109	3125	3247	3251	3264	3457	3480	3770	3834	3854	3862	4010	4102	4140	4272	4328	4507	4699	4744	5007	5016	5040	5419	5502	5556	5583	5762	5764	5771	6070	6071	6104	6257	6336	6456	6459	6694	6820	7022	7028	7208	7308	7309	7580	7644	7655	7702	7895	8073	8140	8324	8626	8770	8917	8990	9059	9130	9320	9372	9511	9791	10002	10045	10229	10297	10354	10524	11274	
46	47	79	109	115	142	143	276	291	341	390	394	398	472	486	565	702	738	948	1409	1572	1597	1953	2070	2233	2428	2557	2640	2647	2665	2674	2735	2793	3019	3298	3542	3721	3849	3946	4003	4068	4168	4169	4331	4439	4625	4873	5122	5187	5697	6134	6354	6488	6493	6545	6547	6727	7417	7532	7552	7564	7879	7948	8384	9050	9302	9303	9311	9312	9313	9314	9316	9318	9349	9433	9468	9469	9491	10280	10439	10479	10662	11027	11151	
243	388	501	851	1104	1311	1313	1314	1435	1467	1829	1830	1851	1871	1881	1900	1901	2003	2236	2486	2488	2550	2613	2972	3413	3485	3611	3729	3730	3731	3901	3902	3957	4021	4031	4285	4293	4576	4577	4579	4580	4582	4584	4585	4588	4836	4854	4861	4991	5458	5798	5918	6197	6230	6339	6353	6575	6579	7096	7602	7632	7919	8053	8091	8112	8536	8839	10043	10304	10305	11228	
168	634	981	1377	1794	1868	1904	1950	2175	2180	2296	2307	2308	2400	2597	2658	3110	3126	3237	3285	3330	3367	3383	3423	3553	3842	4121	4127	4351	4728	4751	4763	5072	5461	5521	5552	6194	6449	6741	6742	6814	6994	7135	7204	7305	7307	7773	8272	8273	8323	8497	8620	8818	9497	9684	9700	10116	10248	10262	10424	10484	10596	
884	941	1109	1830	1831	1871	1902	1905	2003	2578	2579	2588	2589	3307	3413	3957	4048	4052	4414	4471	4576	4577	4579	4585	4861	4987	5045	5458	7919	8112	8331	8496	9152	9248	9249	9731	10043	10263	11208	
760	2505	2648	3060	3164	3165	3166	3323	3362	3873	3876	4456	4793	4795	4900	4902	5091	5815	6123	6872	6873	8474	9064	9658	9685	9774	10175	11458	
1007	2502	3128	3129	3136	3187	3200	3201	3204	3950	4629	4725	4833	6602	6806	8642	8650	8677	8682	8684	8701	8723	8735	8769	
9184	5297	1966	5286	4618	10580	6040	11702	6568	605	2013	6140	743	8755	2024	1112	10633	1938	7880	
558	1555	2043	2398	2642	2643	2647	2870	4091	4502	6418	7532	9267	9316	9414	10487	
11295	10365	2197	3854	8626	6982	3865	4834	6191	11399	4882	7282	5386	
2721	9901	6323	1564	6645	10748	9967	10423	1558	843	2224	573	
10962	4224	9628	6025	11153	3869	535	10275	8025	6726	
3872	1854	3451	1847	4889	1848	2236	11195	6338	9503	
1841	54	4023	1840	6746	7689	8283	2346	1837	4904	
